Родионова
44.02471 56.32986,44.03572 56.32465,44.03432 56.32287,44.0564 56.31934,44.06822 56.31695,44.07054 56.31616,44.07157 56.31344,44.07895 56.30721,44.08015 56.30568,44.08462 56.30568,44.08874 56.30702,44.07723 56.31492,44.05921 56.32211

Гребной канал
44.02634 56.32982
44.03329 56.33162
44.04046 56.33162
44.05003 56.33091
44.0608 56.33006
44.07045 56.32667
44.09852 56.31192
44.1144 56.30092
44.13002 56.28954
44.12118 56.28383
44.10395 56.29769
44.09779 56.30304
44.08925 56.30706
44.07728 56.315
44.05975 56.322

Около фанты
44.055,56.31849 44.055,56.31554 44.0559,56.31328 44.04866,56.31026 44.04882,56.30973 44.04702,56.30873 44.06021,56.30678 44.06273,56.30563 44.07329,56.30563 44.07951,56.30609 44.07567,56.30981 44.07106,56.31363 44.07048,56.31607 44.06432,56.31794 44.05986,56.31864 44.05566,56.31938

Парк 
44.06015,56.30666 44.05899,56.30621 44.05712,56.30597 44.05681,56.30568 44.05556,56.30571 44.05479,56.3053 44.05154,56.30445 44.05191,56.30321 44.05354,56.3024 44.05573,56.30194 44.05741,56.30192 44.05985,56.30132 44.06183,56.30156 44.06303,56.30137 44.06337,56.30234 44.0641,56.30304 44.06496,56.30415 44.06453,56.30554 44.06239,56.30555 44.06125,56.30617
